pos_mse_124_steps: 0.029550251737236976
pos_mse_149_steps: 0.033721319027245046
pos_mse_174_steps: 0.038756228238344195
pos_mse_199_steps: 0.04465526640415192
pos_mse_1_steps: 0.021592460852116347
pos_mse_224_steps: 0.05141872614622116
pos_mse_249_steps: 0.05904687978327274
pos_mse_24_steps: 0.021494536940008403
pos_mse_274_steps: 0.06754004620015622
pos_mse_299_steps: 0.07689855545759201
pos_mse_324_steps: 0.08712277486920357
pos_mse_349_steps: 0.09821308180689811
pos_mse_374_steps: 0.11017188504338264
pos_mse_49_steps: 0.022215236350893973
pos_mse_74_steps: 0.023797782324254512
pos_mse_99_steps: 0.02624257989227772
stress_mse_124_steps: 121198.3453125
stress_mse_149_steps: 106141.737890625
stress_mse_174_steps: 95047.9908203125
stress_mse_199_steps: 86459.4419921875
stress_mse_1_steps: 41378.7296875
stress_mse_224_steps: 79781.3751953125
stress_mse_249_steps: 74426.79921875
stress_mse_24_steps: 395331.62734375
stress_mse_274_steps: 70065.9419921875
stress_mse_299_steps: 66471.861328125
stress_mse_324_steps: 63499.2541015625
stress_mse_349_steps: 62087.136328125
stress_mse_374_steps: 741939.045703125
stress_mse_49_steps: 227480.394921875
stress_mse_74_steps: 169287.9240234375
stress_mse_99_steps: 141498.047265625
